<?xml version="1.0"?>
<opencv_storage>
<calibration_time>"mié 07 nov 2018 11:50:24 CET"</calibration_time>
<nr_of_frames>30</nr_of_frames>
<image_width>640</image_width>
<image_height>480</image_height>
<board_width>5</board_width>
<board_height>4</board_height>
<square_size>40.</square_size>
<fix_aspect_ratio>1.</fix_aspect_ratio>
<!-- flags: +fix_aspectRatio +fix_principal_point +zero_tangent_dist +fix_k4 +fix_k5 -->
<flags>6158</flags>
<fisheye_model>0</fisheye_model>
<camera_matrix type_id="opencv-matrix">
  <rows>3</rows>
  <cols>3</cols>
  <dt>d</dt>
  <data>
    6.1251252876263879e+02 0. 320. 0. 6.1251252876263879e+02 240. 0. 0.
    1.</data></camera_matrix>
<distortion_coefficients type_id="opencv-matrix">
  <rows>5</rows>
  <cols>1</cols>
  <dt>d</dt>
  <data>
    1.1798969807939454e-01 -2.4443948619706934e-01 0. 0.
    -2.5361388840462702e-02</data></distortion_coefficients>
<avg_reprojection_error>3.4263900918342682e-01</avg_reprojection_error>
<per_view_reprojection_errors type_id="opencv-matrix">
  <rows>30</rows>
  <cols>1</cols>
  <dt>f</dt>
  <data>
    1.38911352e-01 1.63525790e-01 3.14603031e-01 2.38969967e-01
    1.92901239e-01 2.70119458e-01 1.90710634e-01 7.46582448e-01
    2.58626580e-01 5.46710312e-01 1.95089668e-01 3.98919821e-01
    4.85840797e-01 3.22609425e-01 3.30392122e-01 2.04351783e-01
    3.31333429e-01 3.66327584e-01 1.76574320e-01 4.20443118e-01
    1.70392662e-01 1.34532660e-01 2.12932169e-01 5.69115400e-01
    2.26382598e-01 6.75517201e-01 1.29061893e-01 2.07464308e-01
    3.11431438e-01 1.71542332e-01</data></per_view_reprojection_errors>
<!-- a set of 6-tuples (rotation vector + translation vector) for each view -->
<extrinsic_parameters type_id="opencv-matrix">
  <rows>30</rows>
  <cols>6</cols>
  <dt>d</dt>
  <data>
    -2.1696545901264333e-01 -1.0873923522229381e-01
    -6.3473876051469882e-02 -1.5633116565421884e+02
    -3.3405773720162486e+01 4.4012202008210448e+02
    -2.0913178661742982e-01 -5.8544507836570080e-02
    -5.2731400437800183e-02 -1.5453700069752944e+02
    -3.7248855970188821e+01 4.5161127293642056e+02
    -1.5504224461052035e-01 2.6879112144472465e-02
    -8.2861295643637062e-02 -1.9273587176154652e+02
    -5.7234485451097925e+01 4.7317301432299502e+02
    -1.7883132326247594e-01 1.2298692029614440e-01
    -1.0664253534907571e-01 -2.3034182834732314e+02
    -9.0287859160278913e+01 5.0831525212265495e+02
    -1.8023573882158123e-01 1.7121945261821067e-01
    -3.0355568428588539e-02 -2.3328353234300016e+02
    -1.3321001110803169e+02 5.2693623400849833e+02
    -1.3342656923523011e-01 1.6753401538069843e-01
    -6.5251976112114279e-02 -2.3072994608686801e+02
    -1.3049807395110989e+01 4.9208351342719823e+02
    -8.2740252700689632e-02 1.1067090957091764e-01
    6.9670882230440351e-02 -2.2082297396327974e+02
    2.0204564774929125e+01 4.7468401634001759e+02
    -1.5852466579074190e-01 5.5668189012207214e-02
    2.7702688162821576e-01 -1.5701992613817001e+02
    -7.4529698955074750e+01 4.9657874186455888e+02
    -1.6546975573097253e-01 9.1481146305909658e-02
    8.1102981261817553e-01 2.0549357094282204e+01
    -1.1364115493214265e+02 5.0696766751775800e+02
    -1.9130601249154500e-01 6.5201490701335563e-03
    2.4957240746968487e-01 -1.6020474099441774e+01
    -1.1890293707044901e+02 5.0617154746910438e+02
    -2.0067306934069504e-01 -1.1108757318902933e-01
    -3.3380555066283529e-01 -1.2516054758856246e+01
    -9.8390805409138949e+01 5.0337671146012190e+02
    -1.6620554236433291e-01 -2.0634893916039510e-01
    -5.7042406247266875e-01 -1.7969911740298940e+01
    -6.0359750192373099e+01 4.8498662808390634e+02
    -1.8322997153301612e-01 -4.2951539821845841e-01
    -4.8647007027378802e-01 8.0386454896157403e+01
    -8.4921455466297395e+00 4.9997059595019186e+02
    -2.2132120940677294e-01 8.9027388001203162e-02
    -1.4158084303233479e-01 -2.3436491748530761e+02
    -1.7455818594968378e+01 5.5076393947425834e+02
    -1.0169473705918299e-01 3.2299496547127200e-03
    -6.4301836476737470e-02 -2.4085946456030285e+02
    4.8366286817681328e+01 5.0150053470383557e+02
    -2.0478425057730709e-01 5.8852335423983757e-02
    4.0170654192141381e-01 -1.8493247247774630e+02
    -8.2105980056297213e+01 5.4030642958273211e+02
    -1.6638523150764470e-01 1.0228159048073490e-01
    5.0092886289178873e-01 -1.7618488280709261e+02
    -1.4356974360072576e+02 5.3038042495990703e+02
    -1.5681980526182807e-01 -1.2864639644500675e-01
    1.2475465587772397e-02 -5.7138300993749013e+01
    -1.7161452175513040e+02 4.9359378055000707e+02
    -1.1136108256943635e-01 -1.2647444410321160e-01
    -1.9958653697807524e-01 -1.3366851119893286e+02
    -1.2108188795953176e+02 4.8956596426389592e+02
    -1.4800758263813066e-01 -1.8024536836256183e-01
    -1.5192057398125983e-01 -8.9833485361007689e+01
    -1.3263844450603185e+02 4.9059898711545060e+02
    -1.5590348451549205e-01 -2.4873189131133833e-01
    -9.1859147302793903e-02 -1.6129577166231087e+01
    -1.4316226195587316e+02 4.9250201836247419e+02
    -1.4867106000016633e-01 -2.8748151258474269e-01
    -2.0490460644181199e-01 9.8374954178265064e+00
    -1.3440101967189256e+02 4.8596600374772419e+02
    -2.2065704547990697e-01 -2.0837438303406020e-01
    -1.1362647053350450e-01 -6.2020765450182056e+00
    -1.6933670113727990e+02 4.9420984836825613e+02
    -1.9772495306916726e-01 -2.2707722026096808e-01
    -6.3525895585844927e-02 1.7244774926154576e+00
    -1.5081279621125933e+02 4.8501910057690014e+02
    -1.9414129436400726e-01 -1.2267057112923400e-01
    -1.4109603600823883e-03 1.6210940341779306e+01
    1.6642443988069395e+01 4.7708257060403281e+02
    -2.2594154398303612e-01 1.1144367291501103e-02
    -1.1914988885977052e-02 -7.5942272650432727e+01
    1.8159449957050150e+01 4.7529386752640062e+02
    -2.4357683618468576e-01 4.5699939013537871e-01
    3.6520878582609065e-02 -1.3148569968089623e+02
    1.4691519785916789e+01 5.2998663306690821e+02
    -2.3825947531858027e-01 6.4725443598098742e-01
    8.6046973615347855e-02 -1.0256681052847188e+02
    7.9185313082155311e+00 5.5456151152231030e+02
    -3.5362634487786737e-01 1.3221262465663119e-01
    3.2896497980500594e-02 -7.4455466565018767e+01
    -2.2872144731483598e+01 5.0739335258601693e+02
    -2.4328735447330843e-01 1.4888812640442763e-02
    8.1378699910583507e-03 -5.8658021568157118e+01
    -1.2487862984069679e+02 4.6300013455412591e+02</data></extrinsic_parameters>
