<?xml version="1.0"?>
<opencv_storage>
<calibration_time>"dom 04 nov 2018 19:18:13 CET"</calibration_time>
<nr_of_frames>30</nr_of_frames>
<image_width>640</image_width>
<image_height>480</image_height>
<board_width>5</board_width>
<board_height>4</board_height>
<square_size>40.</square_size>
<fix_aspect_ratio>1.</fix_aspect_ratio>
<!-- flags: +fix_aspectRatio +fix_principal_point +zero_tangent_dist +fix_k4 +fix_k5 -->
<flags>6158</flags>
<fisheye_model>0</fisheye_model>
<camera_matrix type_id="opencv-matrix">
  <rows>3</rows>
  <cols>3</cols>
  <dt>d</dt>
  <data>
    6.9356939259371529e+02 0. 320. 0. 6.9356939259371529e+02 240. 0. 0.
    1.</data></camera_matrix>
<distortion_coefficients type_id="opencv-matrix">
  <rows>5</rows>
  <cols>1</cols>
  <dt>d</dt>
  <data>
    2.2520626994044796e-02 2.0408569086358927e-01 0. 0.
    -1.1884025869870940e+00</data></distortion_coefficients>
<avg_reprojection_error>6.5160979900351101e-01</avg_reprojection_error>
<per_view_reprojection_errors type_id="opencv-matrix">
  <rows>30</rows>
  <cols>1</cols>
  <dt>f</dt>
  <data>
    4.99108344e-01 5.72417438e-01 5.01944721e-01 5.27015567e-01
    5.29422522e-01 5.20794451e-01 6.28337801e-01 4.98807579e-01
    5.68217695e-01 5.20936906e-01 6.28028929e-01 5.29723823e-01
    5.02621531e-01 5.78276992e-01 5.94065845e-01 5.91926396e-01
    5.99404633e-01 6.11524761e-01 6.05414152e-01 6.93657756e-01
    6.49821758e-01 5.90960681e-01 6.07289135e-01 6.69905484e-01
    7.08350241e-01 9.98849034e-01 7.68752158e-01 7.86101639e-01
    1.09151328e+00 8.98251712e-01</data></per_view_reprojection_errors>
<!-- a set of 6-tuples (rotation vector + translation vector) for each view -->
<extrinsic_parameters type_id="opencv-matrix">
  <rows>30</rows>
  <cols>6</cols>
  <dt>d</dt>
  <data>
    -6.1259918795160229e-01 5.8259364901802188e-03
    3.1661390551714219e-01 -5.3754471120335012e+01
    -1.0179331849188280e+02 4.4421808608242236e+02
    -5.8575298185927571e-01 1.2109221311547378e-02
    2.3075226388776177e-01 -5.9044685167591197e+01
    -1.0144214338128099e+02 4.4199063956798346e+02
    -5.8290635736565655e-01 4.0196965137720211e-02
    1.7074215333382803e-01 -6.5510691617202184e+01
    -9.4454790566648271e+01 4.4607921072061055e+02
    -6.0559523556041517e-01 4.3722529332787384e-02
    8.0638645566683875e-02 -7.2509172213427775e+01
    -7.6538210773354592e+01 4.5470593032719694e+02
    -6.2138692726297695e-01 7.6088634654726955e-02
    3.7421363724462441e-02 -6.1379418917211090e+01
    -7.1214594293060159e+01 4.5997239041058197e+02
    -6.1887843989759861e-01 9.2500205139621608e-02
    -3.1770193931287785e-02 -6.5466108218493787e+01
    -7.2613069688569922e+01 4.5761096217921704e+02
    -6.1260220955484290e-01 9.2401667320706718e-02
    -9.7424609841212734e-02 -6.1653222447013441e+01
    -7.4460199658377462e+01 4.5619453316292709e+02
    -6.2133247015667126e-01 1.5847473513184931e-01
    -1.5150274081624901e-01 -5.1585793579042878e+01
    -7.3920903066946266e+01 4.5984540859334714e+02
    -6.2190853484153952e-01 1.7711679344949954e-01
    -2.0027494876780672e-01 -4.7854605856240291e+01
    -7.1364897027058063e+01 4.6137808862315842e+02
    -6.5127875160021709e-01 2.3076108938276346e-01
    -2.4714683284666053e-01 -4.6107496332552259e+01
    -6.3785739638283161e+01 4.6496069891497075e+02
    -6.5894841975845686e-01 2.2132890763241111e-01
    -2.9653682807549236e-01 -6.0048400440429681e+01
    -5.1803202357725695e+01 4.6972779441206376e+02
    -6.5837741785570381e-01 2.5612809854713198e-01
    -3.3675905848104515e-01 -6.6638541924249253e+01
    -4.7032111098666142e+01 4.7303056505242813e+02
    -6.6355657702992943e-01 2.5983017075185683e-01
    -3.7548489279052011e-01 -7.9371992159889544e+01
    -4.1127065926688729e+01 4.7602982410127072e+02
    -6.4473964568086362e-01 2.4962761041942252e-01
    -3.9640500326046768e-01 -8.6315537344268691e+01
    -4.7228031346932113e+01 4.7086180362886120e+02
    -6.4408499770771677e-01 2.6307304103118340e-01
    -4.1857376963081033e-01 -8.3174753188064216e+01
    -4.9206440888070155e+01 4.6457590414499793e+02
    -6.4275030971295366e-01 2.5586660323475552e-01
    -4.2269863874590585e-01 -8.6498330064427819e+01
    -5.7060994757630276e+01 4.5521250007199524e+02
    -6.2570110972630999e-01 2.5539345629820270e-01
    -4.3281129344951758e-01 -8.8239622103709593e+01
    -5.9530940423063150e+01 4.4397254162016901e+02
    -6.2185489715133169e-01 2.2547028713998668e-01
    -4.5178340690750507e-01 -9.3198177589729042e+01
    -5.7449358462003609e+01 4.3520501052591231e+02
    -6.4407718701818040e-01 2.2415724127047873e-01
    -4.6576393205256922e-01 -9.0710016782953446e+01
    -4.5149827241992718e+01 4.3347208188439004e+02
    -6.4700155259924497e-01 2.0715204018980329e-01
    -4.7164735112179423e-01 -8.8843685530963128e+01
    -4.0178015013183533e+01 4.2606159322307064e+02
    -6.5112292282518103e-01 2.0897621167795513e-01
    -4.6754963602092248e-01 -8.3780407039659124e+01
    -3.1349056226716765e+01 4.2183850237258196e+02
    -6.5828152393372030e-01 1.9546206591552032e-01
    -4.5563049886836210e-01 -8.4153358088158555e+01
    -2.6622043337054517e+01 4.0976298271752182e+02
    -6.6272570313495505e-01 1.6660602082634343e-01
    -4.6129273503023849e-01 -1.0141125439913446e+02
    -1.7226447066723164e+01 3.9338206567114099e+02
    -6.5146423253115815e-01 1.6169000465712180e-01
    -4.8098186847947666e-01 -1.1191346666283052e+02
    -9.9756944183667358e+00 3.7830502859219752e+02
    -6.4422171511045045e-01 1.3077041212922294e-01
    -4.7613098093915801e-01 -1.1534210116933284e+02
    -1.3817651855217427e+01 3.6667362457011370e+02
    -6.3296309616970325e-01 8.7386021227698396e-02
    -4.1960775802522227e-01 -1.1616272977488447e+02
    -3.0679373743215859e+01 3.6122365344664536e+02
    -6.3756389649782974e-01 -1.1435252104380173e-02
    -3.2787160599661863e-01 -1.2953000630323828e+02
    -4.0858704499313411e+01 3.5774426183623439e+02
    -6.2624935504105306e-01 -7.0966967493898039e-02
    -2.8762547037042158e-01 -1.4299408051298875e+02
    -5.0154767647182169e+01 3.4988726924007972e+02
    -6.2417670834991246e-01 -1.7819053084764702e-01
    -1.7879781031296815e-01 -1.3341551478830354e+02
    -6.7783974694926926e+01 3.3585194555713719e+02
    -6.1044769201978477e-01 -1.4841095343716895e-01
    -1.5872205093333491e-01 -1.1432717368605152e+02
    -7.2691502239142451e+01 3.3690354545733953e+02</data></extrinsic_parameters>
